# @(#) $Id$
# Average minimum and maximum temperatures for Australian cities
# Temperature values taken from Australian Bureau of Meteorlogy
# web site http://www.bom.gov.au
#MELBOURNE
#849205   5807842
#25.8   25.8   23.8   20.2   16.6   14.0   13.4   14.9   17.1   19.6   21.8   24.1
#14.2   14.5   13.1   10.7    8.6    6.8    5.9    6.6    7.8    9.4   11.1   12.8
SYDNEY
1445863   6206249
25.8   25.7   24.7   22.3   19.3   16.8   16.2   17.7   19.8   22.0   23.5   25.1
18.6   18.7   17.5   14.6   11.5    9.2    8.0    8.9   11.0   13.5   15.5   17.4
BRISBANE
1693608   6902431
29.4   29.0   28.0   26.1   23.2   20.9   20.4   21.8   24.0   26.1   27.8   29.1
20.7   20.6   19.4   16.6   13.3   10.9    9.5   10.3   12.9   15.8   18.1   19.8
PERTH
-1908376   6174210
29.7   30.0   28.0   24.6   20.9   18.3   17.4   18.0   19.5   21.4   24.6   27.4
17.9   18.1   16.8   14.3   11.7   10.1    9.0    9.2   10.3   11.7   14.0   16.3
DARWIN
-614100   8607837
32.4   32.1   32.7   33.6   32.6   31.2   30.7   31.8   33.0   34.1   34.3   33.5
25.2   25.0   24.9   24.4   22.6   20.8   19.7   20.9   23.3   25.1   25.5   25.5
ADELAIDE
279265   6131884
28.5   28.5   26.0   22.1   18.6   15.8   14.9   16.1   18.4   21.3   24.4   26.8
16.6   16.8   15.2   12.7   10.4    8.5    7.5    8.0    9.2   11.1   13.1   15.1
HOBART
1017206   5234544
23.1   22.2   20.7   17.0   13.9   11.4   10.5   12.2   14.9   17.4   19.4   21.9
11.5   11.7   10.3    8.3    6.3    4.3    3.1    4.5    6.0    7.3    9.1   10.9
